12/24/2015-09:56   305.565240486   511.26278   274938.0   90988.0
12/24/2015-10:03   305.565240486   511.26278   274938.0   90988.0
12/24/2015-10:17   305.565240486   511.26278   274938.0   90988.0
12/24/2015-10:53   305.565240486   511.26278   274938.0   90988.0
12/24/2015-11:05   305.565240486   511.26278   274938.0   90988.0
12/24/2015-12:15   305.56750196   511.271881   274939.0   90989.0
12/24/2015-12:54   305.56750196   511.271881   274939.0   90989.0
12/24/2015-16:02   306.81277768   511.907844   275855.0   91357.0
12/24/2015-18:02   306.81277768   511.907844   275855.0   91357.0
12/24/2015-20:02   308.913083242   512.924538   276432.0   91857.0
12/24/2015-22:02   308.914871308   512.925472   276434.0   91858.0
12/25/2015-00:02   310.322334473   513.839352   277355.0   92274.0
12/25/2015-02:02   313.110843666   515.187075   278579.0   92953.0
12/25/2015-04:02   316.341653443   517.211036   281632.0   93895.0
12/25/2015-06:02   317.489966361   517.969671   283680.0   94224.0
12/25/2015-08:02   318.464472299   518.424118   284558.0   94503.0
12/25/2015-10:01   319.310343099   518.869516   285439.0   94745.0
12/25/2015-12:04   319.310343099   518.869516   285439.0   94745.0
12/25/2015-14:02   320.289640493   519.295213   286299.0   95033.0
12/25/2015-16:02   322.550531444   520.384257   286835.0   95533.0
12/25/2015-18:02   324.022338645   522.610599   287350.0   96033.0
12/25/2015-20:01   324.022338645   522.610599   287350.0   96033.0
12/25/2015-22:02   325.673119874   529.298693   288170.0   96533.0
12/26/2015-00:02   327.323414781   535.986441   288990.0   97033.0
12/26/2015-02:02   329.067780404   543.053863   289853.0   97560.0
12/26/2015-04:02   329.983689577   543.824646   290407.0   97846.0
12/26/2015-06:02   333.054326697   554.123528   292492.0   98801.0
12/26/2015-08:02   333.055487497   554.12412   292493.0   98802.0
12/26/2015-10:02   334.607414459   556.669651   293046.0   99327.0
12/26/2015-12:02   334.84639007   557.193002   293926.0   99394.0
12/26/2015-14:03   334.84639007   557.193002   293926.0   99394.0
12/26/2015-16:02   336.692923211   558.068818   294297.0   99765.0
12/26/2015-18:02   337.73094525   559.623383   294640.0   100108.0
12/26/2015-20:02   339.024471831   560.282734   295520.0   100500.0
12/26/2015-22:03   339.024471831   560.282734   295520.0   100500.0
12/27/2015-00:02   339.564143735   561.797424   296692.0   100656.0
12/27/2015-02:02   341.035982871   562.981271   298068.0   101108.0
12/27/2015-04:03   346.244408871   568.34619   301765.0   102732.0
12/27/2015-06:03   347.823322876   569.931536   303720.0   103196.0
12/27/2015-08:02   347.825072513   569.93232   303723.0   103197.0
12/27/2015-10:02   347.963437639   570.010173   303913.0   103244.0
12/27/2015-12:02   347.963437639   570.010173   303913.0   103244.0
12/27/2015-14:02   349.60749078   570.851322   305143.0   103744.0
12/27/2015-16:02   349.60749078   570.851322   305143.0   103744.0
12/27/2015-18:02   351.875544767   571.955963   305654.0   104245.0
12/27/2015-20:03   352.567607559   572.306691   306058.0   104453.0
12/27/2015-22:02   352.754687371   572.573947   306818.0   104513.0
12/28/2015-00:02   352.754687371   572.573947   306818.0   104513.0
12/28/2015-02:02   354.680745696   573.682735   308144.0   105097.0
12/28/2015-04:02   355.009282891   573.833704   308204.0   105157.0
12/28/2015-06:03   357.418473931   575.089907   310210.0   105886.0
12/28/2015-08:02   357.467203054   575.174632   310246.0   105900.0
12/28/2015-10:02   357.469670008   575.181604   310250.0   105902.0
12/28/2015-12:03   357.469670008   575.181604   310250.0   105902.0
12/28/2015-16:02   358.488806335   575.70118   310912.0   106215.0
12/28/2015-18:02   358.495579119   575.704549   310917.0   106218.0
12/28/2015-20:02   358.495579119   575.704549   310917.0   106218.0
12/28/2015-22:02   358.495579119   575.704549   310917.0   106218.0
12/29/2015-00:02   360.132069431   578.176451   311439.0   106718.0
12/29/2015-02:02   360.906367086   583.870576   312099.0   106949.0
12/29/2015-04:02   366.276424   601.499146   314553.0   108749.0
12/29/2015-06:02   367.911942356   603.960361   315053.0   109249.0
12/29/2015-08:03   367.911942356   603.960361   315053.0   109249.0
12/29/2015-10:02   368.094847419   604.70215   315127.0   109320.0
12/29/2015-12:02   368.501099026   604.896242   315367.0   109438.0
12/29/2015-14:02   368.665657911   604.969029   315607.0   109485.0
12/29/2015-16:02   369.675905587   609.04636   316087.0   109793.0
12/29/2015-18:02   370.192503431   611.089978   316329.0   109952.0
12/29/2015-20:02   370.192503431   611.089978   316329.0   109952.0
12/29/2015-22:02   370.192503431   611.089978   316329.0   109952.0
12/30/2015-00:02   370.455145485   613.01887   316570.0   110032.0
12/30/2015-02:02   370.523552742   613.162713   316810.0   110059.0
12/30/2015-04:02   372.238184334   614.977646   317984.0   110607.0
12/30/2015-06:04   374.546438408   618.446048   318724.0   111347.0
12/30/2015-08:02   375.010780483   618.74599   318963.0   111472.0
12/30/2015-10:07   375.493947233   618.993143   319490.0   111621.0
12/30/2015-12:02   376.434275422   619.863199   321253.0   111940.0
12/30/2015-14:02   376.759708284   620.015569   321496.0   112037.0
12/30/2015-16:02   378.477220431   622.028799   323069.0   112437.0
12/30/2015-18:02   378.81557216   623.386409   323340.0   112540.0
12/30/2015-20:02   378.81557216   623.386409   323340.0   112540.0
12/30/2015-22:02   378.81557216   623.386409   323340.0   112540.0
12/31/2015-00:02   379.154213066   624.744098   323611.0   112644.0
12/31/2015-02:02   379.154213066   624.744098   323611.0   112644.0
12/31/2015-04:02   379.154213066   624.744098   323611.0   112644.0
12/31/2015-06:02   380.154442597   626.241805   323981.0   112972.0
12/31/2015-08:02   380.259083251   626.889842   324403.0   113010.0
12/31/2015-10:02   380.470005458   627.202909   325137.0   113084.0
12/31/2015-12:02   380.711810961   627.321038   325862.0   113159.0
12/31/2015-14:01   381.712632243   628.82254   326596.0   113491.0
12/31/2015-16:02   381.712632243   628.82254   326596.0   113491.0
12/31/2015-18:02   383.584391323   630.752269   327698.0   114070.0
12/31/2015-20:02   383.788939939   630.992931   328066.0   114133.0
12/31/2015-22:02   384.315608049   631.273147   328433.0   114297.0
01/01/2016-00:02   384.713825182   631.532525   328800.0   114411.0
01/01/2016-02:02   384.995065779   631.664688   329168.0   114492.0
01/01/2016-04:02   384.995065779   631.664688   329168.0   114492.0
01/01/2016-06:02   384.995065779   631.664688   329168.0   114492.0
01/01/2016-08:02   385.015543713   631.67437   329173.0   114497.0
01/01/2016-10:02   385.015543713   631.67437   329173.0   114497.0
01/01/2016-12:02   385.015543713   631.67437   329173.0   114497.0
01/01/2016-14:02   385.015543713   631.67437   329173.0   114497.0
01/01/2016-16:02   385.015543713   631.67437   329173.0   114497.0
01/01/2016-18:02   386.588935564   634.057007   329621.0   114938.0
01/01/2016-20:02   387.559054223   635.553239   329971.0   115217.0
01/01/2016-22:02   388.25508134   640.579929   330480.0   115420.0
01/02/2016-00:02   388.886460821   641.539053   330650.0   115585.0
01/02/2016-02:02   388.886460821   641.539053   330650.0   115585.0
01/02/2016-04:02   389.997799614   646.068718   331098.0   116012.0
01/02/2016-06:02   389.997799614   646.068718   331098.0   116012.0
01/02/2016-08:02   389.997799614   646.068718   331098.0   116012.0
01/02/2016-10:02   389.997799614   646.068718   331098.0   116012.0
01/02/2016-12:02   389.997799614   646.068718   331098.0   116012.0
01/02/2016-14:02   391.565630814   648.439687   331539.0   116451.0
01/02/2016-16:02   391.710346558   648.690787   332051.0   116505.0
01/02/2016-18:02   392.823108893   653.229845   332502.0   116929.0
01/02/2016-20:02   392.823108893   653.229845   332502.0   116929.0
01/02/2016-22:01   392.823108893   653.229845   332502.0   116929.0
01/03/2016-00:02   392.823108893   653.229845   332502.0   116929.0
01/03/2016-02:02   392.823108893   653.229845   332502.0   116929.0
01/03/2016-04:02   393.93616067   657.772738   332949.0   117357.0
01/03/2016-06:02   393.93616067   657.772738   332949.0   117357.0
01/03/2016-08:03   394.354030359   657.95748   333396.0   117478.0
01/03/2016-10:02   394.354030359   657.95748   333396.0   117478.0
01/03/2016-12:02   394.354030359   657.95748   333396.0   117478.0
01/03/2016-14:02   394.354030359   657.95748   333396.0   117478.0
01/03/2016-16:02   394.354030359   657.95748   333396.0   117478.0
01/03/2016-18:02   394.354030359   657.95748   333396.0   117478.0
01/03/2016-20:02   394.354030359   657.95748   333396.0   117478.0
01/03/2016-22:02   394.354030359   657.95748   333396.0   117478.0
01/04/2016-00:02   394.354030359   657.95748   333396.0   117478.0
01/04/2016-02:02   394.354030359   657.95748   333396.0   117478.0
01/04/2016-04:02   394.385934445   657.974682   333479.0   117489.0
01/04/2016-06:02   394.385934445   657.974682   333479.0   117489.0
01/04/2016-08:02   394.385934445   657.974682   333479.0   117489.0
01/04/2016-10:04   396.430526037   658.987992   333969.0   117907.0
01/04/2016-12:02   396.430526037   658.987992   333969.0   117907.0
01/04/2016-14:03   396.430526037   658.987992   333969.0   117907.0
01/04/2016-16:02   396.430526037   658.987992   333969.0   117907.0
01/04/2016-18:02   396.430526037   658.987992   333969.0   117907.0
01/04/2016-20:02   397.226025078   659.357521   334398.0   118159.0
01/04/2016-22:02   398.279477565   659.891402   334906.0   118501.0
01/05/2016-00:04   398.393709208   660.136284   335420.0   118536.0
01/05/2016-02:03   400.181344653   661.807066   336951.0   119088.0
01/05/2016-04:03   400.833082677   662.128988   337404.0   119282.0
01/05/2016-06:03   403.38003397   667.124202   338899.0   120080.0
01/05/2016-08:02   404.491415704   671.467378   339604.0   120412.0
01/05/2016-10:04   408.002596842   674.061357   342294.0   121504.0
01/05/2016-12:04   411.274331602   678.227807   345641.0   122517.0
01/05/2016-14:04   411.768571224   678.785179   346527.0   122669.0
01/05/2016-16:02   413.086369814   680.767115   348403.0   123033.0
01/05/2016-18:10   413.086369814   680.767115   348403.0   123033.0
01/05/2016-20:02   413.499688953   680.957246   348915.0   123146.0
01/05/2016-22:03   413.499688953   680.957246   348915.0   123146.0
01/06/2016-00:02   414.948001262   681.695856   349876.0   123588.0
01/06/2016-02:02   416.396540499   682.433796   350837.0   124030.0
01/06/2016-04:04   420.353442514   684.98967   354683.0   125201.0
01/06/2016-06:02   421.223022611   685.39333   355587.0   125450.0
01/06/2016-10:03   422.793215925   687.760906   356108.0   125950.0
01/06/2016-12:04   426.576298177   689.619486   357656.0   126860.0
01/06/2016-14:02   427.635182935   690.113285   358530.0   127161.0
01/06/2016-16:02   433.070620428   695.642852   359991.0   128545.0
01/06/2016-18:02   436.018901734   702.488314   361657.0   129484.0
01/06/2016-20:02   440.144545916   718.855245   363827.0   130736.0
01/06/2016-22:02   442.627589278   728.902458   364956.0   131559.0
01/07/2016-00:02   444.150425723   731.198414   365477.0   132059.0
01/07/2016-02:02   446.614697886   736.071201   366374.0   132842.0
01/07/2016-04:05   446.614697886   736.071201   366374.0   132842.0
01/07/2016-06:13   449.495340625   740.421059   367285.0   133726.0
01/07/2016-08:06   452.155064934   755.01897   368955.0   134576.0
01/07/2016-10:03   452.723885377   757.331522   369187.0   134785.0
01/07/2016-12:02   456.55738927   765.965799   371300.0   136018.0
01/07/2016-14:05   456.559131831   765.966661   371301.0   136019.0
01/07/2016-16:04   456.831135054   766.437655   372283.0   136095.0
01/07/2016-18:03   457.42591323   768.856637   372531.0   136316.0
01/07/2016-20:02   457.42591323   768.856637   372531.0   136316.0
01/07/2016-22:09   461.449029067   777.29536   374504.0   137573.0
01/08/2016-00:06   464.567112593   781.030274   375338.0   138288.0
01/08/2016-02:08   466.43225439   783.389994   377226.0   138852.0
01/08/2016-04:06   468.666488671   785.80696   379462.0   139481.0
01/08/2016-06:15   470.619249168   788.115608   380832.0   140040.0
01/08/2016-08:07   474.749803314   790.260243   383644.0   141277.0
01/08/2016-10:08   474.749803314   790.260243   383644.0   141277.0
01/08/2016-12:07   478.640131781   792.21516   386522.0   142453.0
01/08/2016-14:16   480.016174823   793.731294   389547.0   142824.0
01/08/2016-16:05   480.431676004   793.941599   389697.0   142961.0
01/08/2016-18:07   483.392334636   800.803171   391409.0   143882.0
01/08/2016-20:03   485.473203942   801.846529   391920.0   144382.0
01/08/2016-22:06   490.060429087   812.062951   393397.0   145660.0
01/09/2016-12:06   503.365683029   837.353538   397767.0   149615.0
01/09/2016-14:11   506.719916754   851.274736   400408.0   150571.0
01/09/2016-16:09   508.829417476   852.456261   402447.0   151174.0
01/09/2016-18:06   511.508809891   853.77236   404415.0   151971.0
01/09/2016-20:05   513.602188237   854.882101   406006.0   152602.0
01/09/2016-22:03   514.170692644   855.182238   406525.0   152773.0
01/10/2016-00:04   516.438836528   856.588439   408453.0   153475.0
01/10/2016-02:03   516.90757348   857.969545   409388.0   153615.0
01/10/2016-04:04   516.90757348   857.969545   409388.0   153615.0
01/10/2016-06:07   519.565416686   859.235004   410723.0   154341.0
01/10/2016-08:05   521.181049619   860.752547   411774.0   154809.0
01/10/2016-10:05   521.531183472   860.932238   412019.0   154912.0
01/10/2016-12:05   526.078034306   868.487774   414328.0   156381.0
01/10/2016-16:09   532.353607671   880.011617   416601.0   158263.0
01/10/2016-18:10   534.278082803   887.827547   417444.0   158919.0
01/10/2016-22:05   538.950619069   900.547772   420519.0   160289.0
01/11/2016-00:03   542.034444346   903.983268   423328.0   161262.0
01/11/2016-02:11   543.819387578   906.176414   424450.0   161772.0
01/11/2016-04:15   546.627851089   909.230284   425833.0   162659.0
01/11/2016-06:08   548.289205819   911.919414   427183.0   163157.0
01/11/2016-08:03   549.45786781   915.853864   428784.0   163494.0
01/11/2016-10:05   549.877296824   916.21559   429916.0   163622.0
01/11/2016-12:03   549.877296824   916.21559   429916.0   163622.0
01/11/2016-14:02   549.877296824   916.21559   429916.0   163622.0
01/11/2016-16:02   549.877296824   916.21559   429916.0   163622.0
01/11/2016-18:02   549.877296824   916.21559   429916.0   163622.0
01/11/2016-20:02   551.113771806   917.897782   431515.0   164003.0
01/11/2016-22:02   552.638673449   920.776824   433526.0   164558.0
01/12/2016-00:02   552.836351667   920.947903   435185.0   164628.0
01/12/2016-02:02   555.664994885   924.481673   436379.0   165584.0
01/12/2016-04:02   555.827192415   924.603891   436450.0   165648.0
01/12/2016-06:03   558.430748346   940.058795   439251.0   166366.0
01/12/2016-08:03   559.569716052   945.282296   440500.0   166675.0
01/12/2016-10:02   561.173602666   948.220597   442304.0   167256.0
01/13/2016-01:42   578.872369032   983.392245   453562.0   173462.0
01/13/2016-02:23   578.90445833   983.446272   453669.0   173474.0
01/13/2016-04:02   579.821955942   984.228815   454219.0   173792.0
01/13/2016-06:02   582.132989737   987.794845   455294.0   174630.0
01/13/2016-08:13   585.051813223   991.987257   456543.0   175636.0
01/13/2016-10:07   586.27847019   993.245245   457262.0   176026.0
01/13/2016-12:02   587.364524219   993.960326   458150.0   176336.0
01/13/2016-14:02   588.521185729   994.664246   458732.0   176646.0
01/13/2016-16:02   588.521185729   994.664246   458732.0   176646.0
01/13/2016-18:02   590.579827819   998.43204   459620.0   177363.0
01/13/2016-18:40   593.211297007   1001.396658   460904.0   178142.0
01/13/2016-20:02   593.263278113   1001.532947   461348.0   178156.0
01/13/2016-22:03   595.470370089   1005.386056   462680.0   178907.0
01/14/2016-00:02   597.77810576   1009.836359   464456.0   179703.0
01/14/2016-02:01   600.453762151   1015.288112   466049.0   180643.0
01/14/2016-04:02   604.161655254   1022.394257   467606.0   181955.0
01/14/2016-06:03   605.604408327   1025.006112   468278.0   182455.0
01/14/2016-08:02   608.051777578   1029.439368   469340.0   183311.0
01/14/2016-10:02   612.688804762   1037.727861   471504.0   184883.0
01/14/2016-12:02   614.111310775   1040.313548   472112.0   185383.0
01/14/2016-14:03   615.633825188   1043.252825   472848.0   185883.0
01/14/2016-19:04   619.833240229   1050.94244   474681.0   187383.0
01/14/2016-20:04   621.337237254   1053.852838   475401.0   187883.0
01/14/2016-22:03   622.735398665   1056.462393   475994.0   188383.0
01/15/2016-00:32   624.85285071   1059.677553   477087.0   189091.0
01/15/2016-02:23   626.338990444   1062.487518   477752.0   189591.0
01/15/2016-04:02   630.185965564   1069.547107   479398.0   190962.0
01/15/2016-07:52   634.157647686   1076.711038   481108.0   192349.0
01/15/2016-08:03   634.157647686   1076.711038   481108.0   192349.0
01/15/2016-10:02   636.845011237   1079.607314   482572.0   193220.0
01/15/2016-12:02   638.818597146   1082.971793   483541.0   193897.0
01/15/2016-14:03   639.702745131   1084.567782   483884.0   194231.0
01/15/2016-16:02   641.398780474   1085.619529   485334.0   194731.0
01/15/2016-18:02   642.909995919   1086.541346   485876.0   195231.0
01/15/2016-20:02   645.702497334   1089.444494   486764.0   196089.0
01/15/2016-22:02   649.121039768   1093.161591   487884.0   197089.0
01/16/2016-00:02   650.599983567   1095.826922   488546.0   197590.0
01/16/2016-02:02   652.106333123   1098.544213   489248.0   198091.0
01/16/2016-04:02   655.342359605   1104.37177   490583.0   199255.0
01/16/2016-06:03   657.965582391   1106.249506   493480.0   200014.0
01/16/2016-08:02   658.175516299   1106.790799   495202.0   200069.0
01/16/2016-10:01   660.698328147   1110.441647   498111.0   200846.0
01/16/2016-12:02   662.219746625   1111.394684   499682.0   201285.0
01/16/2016-14:02   664.754465537   1112.939103   503061.0   202025.0
01/16/2016-16:04   665.498145795   1113.826174   505280.0   202229.0
01/16/2016-18:02   667.407986463   1115.037903   507014.0   202799.0
01/16/2016-20:02   669.291572113   1116.238834   508160.0   203363.0
01/16/2016-22:02   670.351797197   1116.848551   508475.0   203628.0
01/17/2016-00:02   670.377120633   1116.894316   508484.0   203637.0
01/17/2016-02:02   670.378707327   1116.895572   508485.0   203638.0
01/17/2016-04:02   671.27321049   1118.503239   508828.0   203963.0
01/17/2016-06:02   672.617779654   1119.38557   510550.0   204326.0
01/17/2016-08:04   672.617779654   1119.38557   510550.0   204326.0
01/17/2016-10:01   672.617779654   1119.38557   510550.0   204326.0
01/17/2016-12:03   672.981163927   1119.618579   510705.0   204454.0
01/17/2016-14:04   672.983157865   1119.619906   510706.0   204455.0
01/17/2016-16:02   672.990343766   1119.630755   510709.0   204458.0
01/17/2016-18:02   672.990343766   1119.630755   510709.0   204458.0
01/17/2016-20:02   673.006868319   1119.660417   510716.0   204464.0
01/17/2016-22:02   673.006868319   1119.660417   510716.0   204464.0
01/18/2016-00:02   673.006868319   1119.660417   510716.0   204464.0
01/18/2016-02:01   673.006868319   1119.660417   510716.0   204464.0
01/18/2016-04:05   673.012290402   1119.67006   510718.0   204466.0
01/18/2016-06:04   673.016169031   1119.686094   510720.0   204468.0
01/18/2016-08:07   673.019205309   1119.687565   510722.0   204470.0
01/18/2016-12:06   673.024792094   1119.690508   510726.0   204473.0
01/18/2016-14:02   673.024792094   1119.690508   510726.0   204473.0
01/18/2016-16:02   673.024792094   1119.690508   510726.0   204473.0
01/18/2016-18:02   673.024792094   1119.690508   510726.0   204473.0
01/18/2016-20:05   673.024792094   1119.690508   510726.0   204473.0
01/18/2016-22:04   673.036511226   1119.702568   510730.0   204477.0
01/19/2016-00:05   673.036511226   1119.702568   510730.0   204477.0
01/19/2016-02:02   673.036511226   1119.702568   510730.0   204477.0
01/19/2016-04:01   673.036511226   1119.702568   510730.0   204477.0
01/19/2016-06:02   673.036511226   1119.702568   510730.0   204477.0
01/19/2016-08:02   673.040427822   1119.704944   510733.0   204479.0
01/19/2016-10:02   673.040427822   1119.704944   510733.0   204479.0
01/19/2016-12:02   673.040427822   1119.704944   510733.0   204479.0
01/19/2016-14:02   673.040427822   1119.704944   510733.0   204479.0
01/19/2016-16:02   673.040427822   1119.704944   510733.0   204479.0
01/19/2016-18:02   673.040427822   1119.704944   510733.0   204479.0
01/19/2016-20:02   673.040427822   1119.704944   510733.0   204479.0
01/19/2016-22:02   673.040427822   1119.704944   510733.0   204479.0
01/20/2016-00:02   673.040427822   1119.704944   510733.0   204479.0
01/20/2016-02:03   673.040427822   1119.704944   510733.0   204479.0
01/20/2016-04:02   673.040427822   1119.704944   510733.0   204479.0
01/20/2016-06:02   673.040427822   1119.704944   510733.0   204479.0
01/20/2016-08:02   673.040427822   1119.704944   510733.0   204479.0
01/20/2016-10:08   673.040427822   1119.704944   510733.0   204479.0
01/20/2016-12:03   673.040427822   1119.704944   510733.0   204479.0
01/20/2016-14:02   673.041375589   1119.751894   510734.0   204480.0
01/20/2016-16:02   673.041375589   1119.751894   510734.0   204480.0
01/20/2016-18:04   673.041375589   1119.751894   510734.0   204480.0
01/20/2016-20:02   673.041375589   1119.751894   510734.0   204480.0
01/20/2016-22:02   673.041375589   1119.751894   510734.0   204480.0
01/21/2016-00:02   673.041375589   1119.751894   510734.0   204480.0
01/21/2016-02:02   673.041375589   1119.751894   510734.0   204480.0
01/21/2016-04:02   673.041375589   1119.751894   510734.0   204480.0
01/21/2016-06:02   673.041375589   1119.751894   510734.0   204480.0
01/21/2016-08:02   673.041375589   1119.751894   510734.0   204480.0
01/21/2016-10:02   673.041375589   1119.751894   510734.0   204480.0
01/21/2016-12:03   673.041375589   1119.751894   510734.0   204480.0
01/21/2016-14:03   673.041375589   1119.751894   510734.0   204480.0
01/21/2016-16:03   673.041375589   1119.751894   510734.0   204480.0
01/21/2016-18:02   673.041375589   1119.751894   510734.0   204480.0
01/21/2016-20:02   673.041375589   1119.751894   510734.0   204480.0
01/21/2016-22:02   673.041375589   1119.751894   510734.0   204480.0
01/22/2016-00:02   673.041375589   1119.751894   510734.0   204480.0
01/22/2016-02:02   673.041375589   1119.751894   510734.0   204480.0
01/22/2016-04:02   673.041375589   1119.751894   510734.0   204480.0
01/22/2016-06:03   673.041375589   1119.751894   510734.0   204480.0
01/22/2016-08:02   673.041375589   1119.751894   510734.0   204480.0
01/22/2016-10:02   673.041375589   1119.751894   510734.0   204480.0
01/22/2016-12:04   673.041375589   1119.751894   510734.0   204480.0
01/22/2016-14:03   673.041375589   1119.751894   510734.0   204480.0
01/22/2016-16:02   673.041375589   1119.751894   510734.0   204480.0
01/22/2016-18:02   673.041375589   1119.751894   510734.0   204480.0
01/22/2016-20:02   673.041375589   1119.751894   510734.0   204480.0
01/22/2016-22:02   673.041375589   1119.751894   510734.0   204480.0
01/23/2016-00:02   673.041375589   1119.751894   510734.0   204480.0
01/23/2016-02:03   673.041375589   1119.751894   510734.0   204480.0
01/23/2016-04:02   673.041375589   1119.751894   510734.0   204480.0
01/23/2016-06:02   673.041375589   1119.751894   510734.0   204480.0
01/23/2016-08:02   673.041375589   1119.751894   510734.0   204480.0
01/23/2016-10:02   673.041375589   1119.751894   510734.0   204480.0
01/23/2016-12:02   673.041375589   1119.751894   510734.0   204480.0
01/23/2016-14:03   673.041375589   1119.751894   510734.0   204480.0
01/23/2016-16:07   673.041375589   1119.751894   510734.0   204480.0
01/23/2016-18:03   673.041375589   1119.751894   510734.0   204480.0
01/23/2016-20:02   673.041375589   1119.751894   510734.0   204480.0
01/23/2016-22:02   673.041375589   1119.751894   510734.0   204480.0
01/24/2016-00:02   673.041375589   1119.751894   510734.0   204480.0
01/24/2016-02:03   673.041375589   1119.751894   510734.0   204480.0
01/24/2016-04:02   673.041375589   1119.751894   510734.0   204480.0
01/24/2016-06:02   673.041375589   1119.751894   510734.0   204480.0
01/24/2016-08:02   673.041375589   1119.751894   510734.0   204480.0
01/24/2016-10:02   673.041375589   1119.751894   510734.0   204480.0
01/24/2016-12:04   673.041375589   1119.751894   510734.0   204480.0
01/24/2016-14:04   673.041375589   1119.751894   510734.0   204480.0
01/24/2016-16:02   673.041375589   1119.751894   510734.0   204480.0
01/24/2016-18:02   673.041375589   1119.751894   510734.0   204480.0
01/24/2016-20:02   673.041375589   1119.751894   510734.0   204480.0
01/25/2016-04:03   673.041375589   1119.751894   510734.0   204480.0
01/25/2016-06:02   673.041375589   1119.751894   510734.0   204480.0
01/25/2016-08:04   673.041375589   1119.751894   510734.0   204480.0
01/25/2016-10:02   673.041375589   1119.751894   510734.0   204480.0
01/25/2016-12:03   673.041375589   1119.751894   510734.0   204480.0
01/25/2016-14:03   673.041375589   1119.751894   510734.0   204480.0
01/25/2016-16:02   673.041375589   1119.751894   510734.0   204480.0
01/25/2016-18:05   673.041375589   1119.751894   510734.0   204480.0
01/25/2016-20:02   673.041375589   1119.751894   510734.0   204480.0
01/25/2016-22:02   673.041375589   1119.751894   510734.0   204480.0
01/26/2016-00:02   673.041375589   1119.751894   510734.0   204480.0
01/26/2016-02:02   673.041375589   1119.751894   510734.0   204480.0
01/26/2016-04:03   673.041375589   1119.751894   510734.0   204480.0
01/26/2016-06:04   673.041375589   1119.751894   510734.0   204480.0
01/26/2016-08:02   673.041375589   1119.751894   510734.0   204480.0
01/26/2016-10:02   673.041375589   1119.751894   510734.0   204480.0
01/26/2016-12:05   673.041375589   1119.751894   510734.0   204480.0
01/26/2016-14:12   673.041375589   1119.751894   510734.0   204480.0
01/26/2016-16:02   673.041375589   1119.751894   510734.0   204480.0
01/26/2016-18:03   673.041375589   1119.751894   510734.0   204480.0
01/26/2016-20:02   673.041375589   1119.751894   510734.0   204480.0
01/26/2016-22:02   673.041375589   1119.751894   510734.0   204480.0
01/27/2016-00:03   673.041375589   1119.751894   510734.0   204480.0
01/27/2016-02:03   673.041375589   1119.751894   510734.0   204480.0
01/27/2016-04:03   673.041375589   1119.751894   510734.0   204480.0
01/27/2016-06:02   673.041375589   1119.751894   510734.0   204480.0
01/27/2016-08:02   673.041375589   1119.751894   510734.0   204480.0
01/27/2016-10:02   673.041375589   1119.751894   510734.0   204480.0
01/27/2016-12:02   673.041375589   1119.751894   510734.0   204480.0
